image_width: 1280
image_height: 720
camera_name: elp_left
camera_matrix:
  rows: 3
  cols: 3
  data: [806.725428843084, 0, 651.593017323403, 0, 812.244629733958, 369.9122877832783, 0, 0, 1]
distortion_model: plumb_bob
distortion_coefficients:
  rows: 1
  cols: 5
  data: [-0.4207810225660991, 0.1405113197377011, -0.00123622485572833, 0.0007764517977308687, 0]
rectification_matrix:
  rows: 3
  cols: 3
  data: [0.9999824695556562, -0.002358678718483938, 0.005431133958418863, 0.002307070968595405, 0.9999523175453426, 0.009488944053164172, -0.005453256359019238, -0.009476247696276544, 0.9999402295760891]
projection_matrix:
  rows: 3
  cols: 4
  data: [752.6337914881144, 0, 659.1460266113281, 0, 0, 752.6337914881144, 364.7095413208008, 0, 0, 0, 1, 0]
