image_width: 1280
image_height: 720
camera_name: elp_right
camera_matrix:
  rows: 3
  cols: 3
  data: [809.0018126157109, 0, 610.8747342144301, 0, 814.8633951047733, 359.7573171275791, 0, 0, 1]
distortion_model: plumb_bob
distortion_coefficients:
  rows: 1
  cols: 5
  data: [-0.4076552154398055, 0.1257036723979383, 0.001500364721650243, 0.003775903966016758, 0]
rectification_matrix:
  rows: 3
  cols: 3
  data: [0.999303705070588, -0.001949673571803712, -0.03725994907616957, 0.001596201774799874, 0.999953466546176, -0.009514036061512592, 0.03727676450672007, 0.009447937089600383, 0.9992603160901876]
projection_matrix:
  rows: 3
  cols: 4
  data: [752.6337914881144, 0, 659.1460266113281, -46.92722933683307, 0, 752.6337914881144, 364.7095413208008, 0, 0, 0, 1, 0]
