image_width: 1280
image_height: 720
camera_name: voxel_left
camera_matrix:
  rows: 3
  cols: 3
  data: [837.7739947698268, 0, 609.556211047013, 0, 851.7918775476275, 370.4522002906265, 0, 0, 1]
distortion_model: plumb_bob
distortion_coefficients:
  rows: 1
  cols: 5
  data: [-0.3139430270326406, 0.09116967701711677, -0.0005444208294297823, -0.003979260500682927, 0]
rectification_matrix:
  rows: 3
  cols: 3
  data: [0.9990353798504571, 0.005219015450977839, 0.04360128076989778, -0.005290907134279536, 0.9999848270631245, 0.001533605304291087, -0.04359261530063818, -0.001762816285202299, 0.9990478348757856]
projection_matrix:
  rows: 3
  cols: 4
  data: [820.4849277474403, 0, 516.0077514648438, 0, 0, 820.4849277474403, 360.378116607666, 0, 0, 0, 1, 0]