image_width: 1280
image_height: 720
camera_name: voxel_right
camera_matrix:
  rows: 3
  cols: 3
  data: [836.769120779299, 0, 624.3112768882219, 0, 852.2466755216973, 352.7735345646221, 0, 0, 1]
distortion_model: plumb_bob
distortion_coefficients:
  rows: 1
  cols: 5
  data: [-0.3359558144302674, 0.1145695425723954, -0.002043749109867956, -0.0007812282896467294, 0]
rectification_matrix:
  rows: 3
  cols: 3
  data: [0.9960232193502959, 0.01109718402942102, 0.08840022071063777, -0.01095128646350016, 0.999937753052376, -0.002135262363236461, -0.08841841346612517, 0.001158674752749466, 0.996082748386373]
projection_matrix:
  rows: 3
  cols: 4
  data: [820.4849277474403, 0, 516.0077514648438, -54.679658380158, 0, 820.4849277474403, 360.378116607666, 0, 0, 0, 1, 0]